unknown system                          
Point 1:  0.00000  0.00000  0.00000
Point 2:  1.00000  0.00000  0.00000
61
  0.000000E+00   3.011731E-10
  1.000000E-01   2.519387E-10
  2.000000E-01   1.360459E-10
  3.000000E-01   2.748363E-11
  4.000000E-01  -7.109779E-13
  5.000000E-01   8.540071E-11
  6.000000E-01   2.501235E-10
  7.000000E-01   3.864534E-10
  8.000001E-01   3.848481E-10
  9.000000E-01   2.393430E-10
  1.000000E+00   6.800135E-11
  1.100000E+00  -1.511453E-12
  1.200000E+00   5.115162E-11
  1.300000E+00   1.633491E-10
  1.400000E+00   2.953138E-10
  1.500000E+00   4.485984E-10
  1.600000E+00   5.907631E-10
  1.700000E+00   6.448812E-10
  1.800000E+00   5.895590E-10
  1.900000E+00   5.121017E-10
  2.000000E+00   5.126574E-10
  2.100000E+00   5.904545E-10
  2.200000E+00   6.677882E-10
  2.300000E+00   6.917756E-10
  2.400000E+00   6.589896E-10
  2.500000E+00   5.711901E-10
  2.600000E+00   4.413742E-10
  2.700000E+00   3.369967E-10
  2.800000E+00   3.369661E-10
  2.900000E+00   4.220486E-10
  3.000000E+00   4.740985E-10
  3.100000E+00   4.220484E-10
  3.200000E+00   3.369659E-10
  3.300000E+00   3.369967E-10
  3.400000E+00   4.413749E-10
  3.500000E+00   5.711907E-10
  3.600000E+00   6.589898E-10
  3.700000E+00   6.917757E-10
  3.800000E+00   6.677879E-10
  3.900000E+00   5.904541E-10
  4.000000E+00   5.126574E-10
  4.100000E+00   5.121020E-10
  4.200000E+00   5.895592E-10
  4.300000E+00   6.448813E-10
  4.400000E+00   5.907631E-10
  4.500000E+00   4.485978E-10
  4.600000E+00   2.953131E-10
  4.700000E+00   1.633489E-10
  4.800000E+00   5.115131E-11
  4.900001E+00  -1.511188E-12
  5.000000E+00   6.800200E-11
  5.100000E+00   2.393430E-10
  5.200000E+00   3.848481E-10
  5.300000E+00   3.864529E-10
  5.400000E+00   2.501228E-10
  5.500000E+00   8.540071E-11
  5.600000E+00  -7.108704E-13
  5.700000E+00   2.748405E-11
  5.800000E+00   1.360459E-10
  5.900001E+00   2.519389E-10
  6.000000E+00   3.011731E-10
