Kpoints E_g
10       -6.02315149
11       -6.01439840
12       -6.00606786
13       -5.99827637
14       -5.99248269
15       -5.99080250
16       -5.98629062
17       -5.98464244
18       -5.98048270
19       -5.97850085
20       -5.97822558
21       -5.97477950
22       -5.97442379
23       -5.97336307
24       -5.97284797
25       -5.97256206
26       -5.97092751
27       -5.97072803
28       -5.96942812
29       -5.96803836
3       -6.64841190
30       -5.96823974
4       -6.35088461
5       -6.21304645
6       -6.13508563
7       -6.08827497
8       -6.05649718
9       -6.03843081
